1                      250                        2.5
1                      255                        2.6
1                      263                        2.7
1                      270                        3
1                      274                        3.2
1                      280                        3.3
1                      285                        3.4
1                      290                        3.7
1                      296                        3.7
0.822600               302.830000                 3.9
1.645200               306.920000                 3.594000
2.467700               310.930000                 3.759800
3.290300               314.990000                 3.842200
4.112900               319.010000                 3.846100
4.935500               323.060000                 4.014600
5.758000               327.190000                 4.237400
6.580600               331.290000                 4.458200
7.403200               335.700000                 4.555900
8.225800               339.720000                 4.326900
9.048300               343.800000                 3.971600
9.870900               347.860000                 4.293700
10.693500               351.930000                 4.698000
11.516100               356.100000                 4.698300
12.338600               360.400000                 4.855200
13.161200               364.530000                 4.628900
13.983800               368.570000                 4.298600
14.806400               372.640000                 4.086900
15.629000               376.760000                 3.938600
16.451500               381.120000                 3.841700
17.274100               385.230000                 3.709600
18.096700               389.250000                 3.574400
18.919300               393.360000                 3.469600
19.741800               397.380000                 3.586400
20.564400               401.440000                 3.709100
21.387000               405.500000                 3.706700
22.209600               409.680000                 3.567500
23.032100               413.950000                 3.408400
23.854700               418.100000                 3.244100
24.677300               422.170000                 3.122600
25.499900               426.250000                 3.064300
26.322400               430.770000                 3.066800
27.145000               434.580000                 3.005300
27.967600               438.850000                 2.864600
28.790200               442.890000                 2.801400
29.612700               446.930000                 2.880800
30.435300               450.980000                 3.289300
31.257900               455.060000                 3.756400
32.080500               459.190000                 3.692200
32.903100               463.410000                 3.532800
33.725600               467.610000                 3.527600
34.548200               471.630000                 3.506500
35.370800               475.700000                 3.425800
36.193400               479.740000                 3.311500
37.015900               483.760000                 3.255900
37.838500               487.840000                 3.255600
38.661100               492.090000                 3.230800
39.483700               496.380000                 3.109800
40.306200               500.440000                 2.996900
41.128800               504.510000                 2.968200
41.951400               508.570000                 3.016800
42.774000               512.750000                 3.041200
43.596500               516.830000                 3.117400
44.419100               521.000000                 3.085700
45.241700               525.230000                 3.074100
46.064300               529.290000                 3.088600
46.886900               533.350000                 3.168100
47.709400               537.370000                 3.339700
48.532000               541.480000                 3.322000
49.354600               545.500000                 3.194700
50.177200               549.650000                 3.082000
50.999700               553.870000                 3.363100
51.822300               557.980000                 3.682600
52.644900               562.090000                 3.713300
53.467500               566.110000                 3.590600
54.290000               570.200000                 3.451400
55.112600               574.350000                 3.401500
55.935200               578.670000                 3.372700
56.757800               583.050000                 3.487300
57.580300               587.410000                 3.547600
58.402900               591.470000                 3.367800
59.225500               595.520000                 3.271100
60.048100               599.620000                 3.399500
60.870600               603.900000                 3.570700
61.693200               608.120000                 3.422100
62.515800               612.200000                 3.294000
63.338400               616.260000                 3.219200
64.161000               620.280000                 3.267900
64.983500               624.340000                 3.166400
65.806100               628.360000                 3.080000
66.628700               632.420000                 3.156800
67.451300               636.540000                 3.235200
68.273800               640.830000                 3.365800
69.096400               645.050000                 3.283700
69.919000               649.090000                 3.280700
70.741600               653.130000                 3.290100
71.564100               657.210000                 3.249200
72.386700               661.510000                 3.263000
73.209300               665.750000                 3.351800
74.031900               669.800000                 3.533500
74.854400               673.850000                 3.709900
75.677000               677.920000                 3.639100
76.499600               682.000000                 3.578500
77.322200               686.070000                 3.520300
78.144800               690.320000                 3.757300
78.967300               694.330000                 3.833300
