0.822600               213.840000                 0.568590
1.645200               217.900000                 1.285500
2.467700               222.030000                 1.751300
3.290300               226.090000                 2.109100
4.112900               230.160000                 2.853500
4.935500               234.180000                 3.046600
5.758000               238.240000                 3.643000
6.580600               242.300000                 4.804500
7.403200               246.290000                 5.967800
8.225800               250.660000                 5.921300
9.048300               254.700000                 7.425900
9.870900               258.880000                 7.813200
10.693500               262.960000                 7.352400
11.516100               267.070000                 7.321400
12.338600               271.290000                 9.306500
13.161200               275.440000                 10.626000
13.983800               279.560000                 10.357000
14.806400               283.570000                 11.501000
15.629000               287.730000                 10.135000
16.451500               291.770000                 11.271000
17.274100               295.900000                 12.007000
18.096700               300.100000                 10.643000
18.919300               304.340000                 11.612000
19.741800               308.450000                 10.269000
20.564400               312.450000                 12.021000
21.387000               316.530000                 12.168000
22.209600               320.570000                 11.478000
23.032100               324.610000                 13.419000
23.854700               328.650000                 12.966000
24.677300               332.760000                 11.347000
25.499900               336.980000                 13.728000
26.322400               341.230000                 12.757000
27.145000               345.320000                 12.766000
27.967600               349.380000                 12.840000
28.790200               353.470000                 13.546000
29.612700               357.580000                 12.011000
30.435300               361.890000                 12.594000
31.257900               366.070000                 11.122000
32.080500               370.090000                 11.205000
32.903100               374.150000                 12.389000
33.725600               378.190000                 13.269000
34.548200               382.530000                 16.793000
35.370800               386.640000                 15.908000
36.193400               390.790000                 12.727000
37.015900               394.830000                 13.695000
37.838500               398.890000                 10.772000
38.661100               402.950000                 13.979000
39.483700               406.970000                 13.481000
41.951400               419.570000                 14.370000
42.774000               423.640000                 13.315000
43.596500               427.860000                 13.956000
44.419100               431.990000                 17.008000
45.241700               435.830000                 13.149000
46.064300               440.140000                 13.986000
46.886900               444.270000                 12.195000
47.709400               448.380000                 13.046000
48.532000               452.440000                 12.937000
49.354600               456.580000                 11.469000
50.177200               460.570000                 10.987000
50.999700               464.740000                 16.370000
51.822300               468.920000                 13.905000
52.644900               472.740000                 13.307000
53.467500               477.140000                 11.911000
54.290000               481.110000                 11.898000
55.112600               485.240000                 12.498000
56.757800               493.350000                 12.967000
57.580300               497.410000                 13.313000
58.402900               501.730000                 12.213000
59.225500               505.950000                 13.201000
60.048100               509.970000                 13.509000
61.693200               518.090000                 15.113000
62.515800               522.360000                 16.119000
63.338400               526.500000                 12.991000
64.161000               530.720000                 14.499000
64.983500               534.730000                 12.937000
65.806100               538.870000                 13.883000
66.628700               542.830000                 13.555000
67.451300               546.940000                 12.712000
68.273800               551.050000                 16.812000
69.096400               555.120000                 13.892000
69.919000               559.390000                 11.364000
70.741600               563.490000                 11.861000
71.564100               567.510000                 11.766000
72.386700               571.570000                 12.291000
73.209300               575.570000                 13.856000
74.031900               579.950000                 13.117000
74.854400               584.520000                 10.921000
75.677000               588.790000                 13.012000
76.499600               592.850000                 15.179000
77.322200               596.910000                 12.610000
78.144800               600.950000                 16.539000
78.967300               605.180000                 12.818000
